Certain Value Iteration :
0.000|0.000 0.000|0.000 0.000|0.000 0.000|0.000 0.000|0.000 0.000|0.000
0.000|0.000 1.000|0.000 0.500|0.000 0.250|0.000 0.125|5.000 0.000|0.000
0.000|0.000 1.000|0.250 0.500|0.125 0.250|2.500 1.250|5.000 0.000|0.000
0.000|0.000 1.000|0.250 0.500|1.250 0.625|2.500 1.250|5.000 0.000|0.000
0.000|0.000 1.000|0.625 0.500|1.250 0.625|2.500 1.250|5.000 0.000|0.000
     *           <           >           >           >           *     
-----------------------------------------------------------------------
Certain Policy Iteration :
     *           >           >           >           >           *     
0.000|0.000 0.000|0.000 0.000|0.000 0.000|0.000 0.000|0.000 0.000|0.000
0.000|0.000 1.000|0.000 0.000|0.000 0.000|0.000 0.000|5.000 0.000|0.000
0.000|0.000 1.000|0.000 0.000|0.000 0.000|2.500 1.250|5.000 0.000|0.000
0.000|0.000 1.000|0.000 0.000|1.250 0.625|2.500 1.250|5.000 0.000|0.000
0.000|0.000 1.000|0.625 0.312|1.250 0.625|2.500 1.250|5.000 0.000|0.000
     *           <           >           >           >           *     
0.000|0.000 0.000|0.000 0.000|0.000 0.000|0.000 0.000|0.000 0.000|0.000
0.000|0.000 1.000|0.000 0.000|0.000 0.000|0.000 0.000|5.000 0.000|0.000
0.000|0.000 1.000|0.000 0.000|0.000 0.000|2.500 1.250|5.000 0.000|0.000
0.000|0.000 1.000|0.000 0.000|1.250 0.625|2.500 1.250|5.000 0.000|0.000
0.000|0.000 1.000|0.625 0.312|1.250 0.625|2.500 1.250|5.000 0.000|0.000
     *           <           >           >           >           *     
-----------------------------------------------------------------------
Uncertain Value Iteration :
0.000|0.000 0.000|0.000 0.000|0.000 0.000|0.000 0.000|0.000 0.000|0.000
0.000|0.000 0.800|0.110 0.320|0.044 0.128|0.018 0.301|4.026 0.000|0.000
0.000|0.000 0.868|0.243 0.374|0.101 0.260|1.639 1.208|4.343 0.000|0.000
0.000|0.000 0.874|0.265 0.419|0.709 0.515|1.878 1.327|4.373 0.000|0.000
0.000|0.000 0.883|0.400 0.453|0.826 0.581|1.911 1.342|4.376 0.000|0.000
0.000|0.000 0.887|0.447 0.465|0.848 0.592|1.915 1.344|4.376 0.000|0.000
0.000|0.000 0.888|0.456 0.467|0.852 0.594|1.915 1.344|4.376 0.000|0.000
0.000|0.000 0.888|0.457 0.467|0.852 0.594|1.915 1.344|4.376 0.000|0.000
0.000|0.000 0.888|0.457 0.467|0.852 0.594|1.915 1.344|4.376 0.000|0.000
0.000|0.000 0.888|0.457 0.467|0.852 0.594|1.915 1.344|4.376 0.000|0.000
0.000|0.000 0.888|0.458 0.467|0.852 0.594|1.915 1.344|4.376 0.000|0.000
0.000|0.000 0.888|0.458 0.467|0.852 0.594|1.915 1.344|4.376 0.000|0.000
0.000|0.000 0.888|0.458 0.467|0.852 0.594|1.915 1.344|4.376 0.000|0.000
0.000|0.000 0.888|0.458 0.467|0.852 0.594|1.915 1.344|4.376 0.000|0.000
     *           <           >           >           >           *     
-----------------------------------------------------------------------
Uncertain Policy Iteration :
     *           >           >           >           >           *     
0.000|0.000 0.000|0.000 0.000|0.000 0.000|0.000 0.000|0.000 0.000|0.000
0.000|0.000 0.800|0.050 0.020|0.001 0.001|0.000 0.250|4.000 0.000|0.000
0.000|0.000 0.804|0.054 0.022|0.001 0.101|1.600 1.190|4.340 0.000|0.000
0.000|0.000 0.804|0.055 0.062|0.641 0.485|1.872 1.324|4.372 0.000|0.000
0.000|0.000 0.820|0.311 0.219|0.805 0.572|1.909 1.342|4.376 0.000|0.000
0.000|0.000 0.843|0.395 0.266|0.834 0.586|1.914 1.344|4.376 0.000|0.000
0.000|0.000 0.850|0.413 0.276|0.839 0.588|1.915 1.344|4.376 0.000|0.000
0.000|0.000 0.852|0.416 0.277|0.839 0.589|1.915 1.344|4.376 0.000|0.000
0.000|0.000 0.852|0.417 0.278|0.839 0.589|1.915 1.344|4.376 0.000|0.000
0.000|0.000 0.852|0.417 0.278|0.839 0.589|1.915 1.344|4.376 0.000|0.000
0.000|0.000 0.852|0.417 0.278|0.839 0.589|1.915 1.344|4.376 0.000|0.000
0.000|0.000 0.852|0.417 0.278|0.839 0.589|1.915 1.344|4.376 0.000|0.000
0.000|0.000 0.852|0.417 0.278|0.839 0.589|1.915 1.344|4.376 0.000|0.000
0.000|0.000 0.852|0.417 0.278|0.839 0.589|1.915 1.344|4.376 0.000|0.000
     *           <           >           >           >           *     
0.000|0.000 0.000|0.000 0.000|0.000 0.000|0.000 0.000|0.000 0.000|0.000
0.000|0.000 0.800|0.110 0.320|0.020 0.008|0.001 0.250|4.000 0.000|0.000
0.000|0.000 0.861|0.123 0.346|0.023 0.109|1.601 1.190|4.340 0.000|0.000
0.000|0.000 0.865|0.124 0.388|0.664 0.494|1.873 1.325|4.372 0.000|0.000
0.000|0.000 0.881|0.382 0.449|0.821 0.578|1.910 1.342|4.376 0.000|0.000
0.000|0.000 0.887|0.445 0.464|0.848 0.592|1.915 1.344|4.376 0.000|0.000
0.000|0.000 0.888|0.456 0.467|0.852 0.594|1.915 1.344|4.376 0.000|0.000
0.000|0.000 0.888|0.457 0.467|0.852 0.594|1.915 1.344|4.376 0.000|0.000
0.000|0.000 0.888|0.457 0.467|0.852 0.594|1.915 1.344|4.376 0.000|0.000
0.000|0.000 0.888|0.457 0.467|0.852 0.594|1.915 1.344|4.376 0.000|0.000
0.000|0.000 0.888|0.458 0.467|0.852 0.594|1.915 1.344|4.376 0.000|0.000
0.000|0.000 0.888|0.458 0.467|0.852 0.594|1.915 1.344|4.376 0.000|0.000
0.000|0.000 0.888|0.458 0.467|0.852 0.594|1.915 1.344|4.376 0.000|0.000
0.000|0.000 0.888|0.458 0.467|0.852 0.594|1.915 1.344|4.376 0.000|0.000
     *           <           >           >           >           *     
-----------------------------------------------------------------------
